cl__1 = 5;
Point(0) = {-32.06831119544592, -25.26555386949924, -0, cl__1};
Point(1) = {-14.8137128821895, -26.77513561560271, -9.999999999999998, cl__1};
Point(2) = {-7.841253462376841, 52.92044023173693, -9.999999999999998, cl__1};
Point(3) = {-25.09585177563326, 54.4300219778404, -0, cl__1};
Point(4) = {19.92042279552415, -29.81397872477399, -13.05045099616803, cl__1};
Point(5) = {26.8928822153368, 49.88159712256565, -13.05045099616803, cl__1};
Line(0) = {0, 1};
Line(1) = {1, 2};
Line(2) = {2, 3};
Line(3) = {3, 0};
Line(5) = {1, 4};
Line(6) = {4, 5};
Line(7) = {5, 2};
Curve Loop(1) = {0, 1, 2, 3};
Plane Surface(1) = {1};
Curve Loop(2) = {5, 6, 7, -1};
Plane Surface(2) = {2};
